filelsit/Data0924/image/01.bmp 316,288,348,314,1 320,225,346,248,1 334,178,360,200,1 563,192,588,218,1 
filelsit/Data0924/image/02.bmp 158,280,184,305,1 301,264,326,286,1 
filelsit/Data0924/image/03.bmp 315,215,345,246,1 
filelsit/Data0924/image/04.bmp 275,249,302,277,1 258,338,283,366,1 339,325,366,352,1 
filelsit/Data0924/image/05.bmp 157,161,183,184,1 288,148,317,176,1 303,266,334,294,1 21,405,62,442,1 
filelsit/Data0924/image/06.bmp 290,81,324,110,1 400,73,428,99,1 232,352,265,381,1 332,325,364,358,1 
filelsit/Data0924/image/07.bmp 335,181,357,201,1 322,225,345,250,1 317,285,345,312,1 563,191,591,217,1 
filelsit/Data0924/image/08.bmp 157,274,192,307,1 
filelsit/Data0924/image/09.bmp 314,218,352,251,1 
filelsit/Data0924/image/10.bmp 260,337,287,366,1 336,322,373,358,1 268,249,309,283,1 
filelsit/Data0924/image/11.bmp 283,146,320,179,1 303,263,337,296,1 29,403,61,438,1 154,159,186,187,1 
filelsit/Data0924/image/12.bmp 295,82,324,109,1 404,72,431,98,1 235,353,265,381,1 337,330,366,358,1 302,184,333,211,1 
filelsit/Data0924/image/13.bmp 312,222,352,260,1 
filelsit/Data0924/image/14.bmp 156,273,187,306,1 
filelsit/Data0924/image/15.bmp 268,246,307,286,1 255,339,289,374,1 336,323,373,363,1 
filelsit/Data0924/image/16.bmp 284,146,321,182,1 302,263,340,300,1 153,158,193,191,1 29,409,63,441,1 
filelsit/Data0924/image/17.bmp 294,80,325,111,1 402,71,432,101,1 235,357,265,387,1 332,328,368,364,1 
filelsit/Data0924/image/18.bmp 313,218,353,256,1 
filelsit/Data0924/image/19.bmp 158,274,189,305,1 
filelsit/Data0924/image/20.bmp 261,336,291,368,1 273,252,306,283,1 342,326,374,359,1 
filelsit/Data0924/image/21.bmp 287,148,321,179,1 303,262,339,296,1 31,413,61,441,1 157,158,187,187,1 
filelsit/Data0924/image/22.bmp 236,353,270,387,1 335,331,373,364,1 296,79,330,112,1 401,75,430,104,1 
filelsit/Data0924/image/23.bmp 317,223,350,256,1 
filelsit/Data0924/image/24.bmp 160,274,191,305,1 
filelsit/Data0924/image/25.bmp 281,254,309,281,1 261,338,292,373,1 346,325,376,356,1 
filelsit/Data0924/image/26.bmp 286,145,317,175,1 306,263,338,294,1 33,412,60,440,1 
filelsit/Data0924/image/27.bmp 241,356,274,387,1 342,332,374,359,1 299,86,330,114,1 401,76,434,106,1 
filelsit/Data0924/image/28.bmp 318,224,354,255,1 
filelsit/Data0924/image/29.bmp 164,276,197,309,1 
filelsit/Data0924/image/30.bmp 264,342,292,369,1 347,323,376,354,1 283,251,310,278,1 
filelsit/Data0924/image/31.bmp 292,145,322,176,1 307,264,338,294,1 31,410,63,440,1 
filelsit/Data0924/image/32.bmp 244,355,273,384,1 344,329,374,361,1 301,85,330,112,1 404,78,435,104,1 310,184,339,210,1 
filelsit/Data0924/image/33.bmp 319,221,354,253,1 
filelsit/Data0924/image/34.bmp 168,279,198,307,1 
filelsit/Data0924/image/35.bmp 269,343,294,368,1 349,325,382,353,1 286,250,313,276,1 
filelsit/Data0924/image/36.bmp 287,145,319,177,1 312,264,340,294,1 33,412,62,440,1 165,158,190,183,1 
filelsit/Data0924/image/37.bmp 244,358,274,385,1 302,84,335,112,1 405,79,433,104,1 348,330,375,359,1 
filelsit/Data0924/image/38.bmp 323,224,354,253,1 
filelsit/Data0924/image/39.bmp 273,340,299,365,1 353,324,380,352,1 284,253,312,283,1 
filelsit/Data0924/image/40.bmp 294,146,325,178,1 314,264,340,291,1 36,414,63,440,1 167,159,192,184,1 
filelsit/Data0924/image/41.bmp 250,356,278,384,1 346,339,373,366,1 305,78,342,111,1 
filelsit/Data0924/image/42.bmp 325,220,357,247,1 
filelsit/Data0924/image/43.bmp 354,324,384,355,1 273,341,301,368,1 289,252,316,278,1 
filelsit/Data0924/image/44.bmp 276,340,301,363,1 359,326,385,350,1 287,256,314,283,1 
filelsit/Data0924/image/45.bmp 291,253,317,277,1 276,338,304,365,1 356,323,387,350,1 
filelsit/Data0924/image/46.bmp 278,339,305,366,1 360,323,389,349,1 297,249,322,273,1 
filelsit/Data0924/image/47.bmp 294,242,324,273,1 280,337,309,366,1 365,323,392,351,1 
filelsit/Data0924/image/48.bmp 282,337,312,365,1 366,321,395,348,1 299,247,326,274,1 
filelsit/Data0924/image/49.bmp 284,336,313,362,1 364,320,394,348,1 305,245,329,269,1 
filelsit/Data0924/image/50.bmp 286,337,315,366,1 368,318,400,349,1 305,245,329,271,1 
filelsit/Data0924/image/51.bmp 288,337,316,364,1 371,318,400,350,1 306,250,328,271,1 
filelsit/Data0924/image/52.bmp 291,336,319,366,1 371,322,402,351,1 308,248,332,270,1 
filelsit/Data0924/image/53.bmp 290,338,320,363,1 374,322,403,348,1 306,246,335,272,1 
filelsit/Data0924/image/54.bmp 295,338,322,365,1 377,317,409,346,1 307,253,332,277,1 
filelsit/Data0924/image/55.bmp 294,335,322,364,1 376,323,403,348,1 307,250,335,275,1 
filelsit/Data0924/image/56.bmp 299,335,323,359,1 379,320,406,345,1 312,246,338,270,1 
filelsit/Data0924/image/57.bmp 299,334,328,360,1 382,320,413,350,1 313,248,341,276,1 
filelsit/Data0924/image/58.bmp 298,337,328,366,1 310,251,340,280,1 382,324,412,352,1 
filelsit/Data0924/image/59.bmp 299,338,328,369,1 314,244,343,275,1 385,317,414,348,1 
filelsit/Data0924/image/60.bmp 304,337,332,365,1 318,243,346,271,1 389,319,417,347,1 
filelsit/Data0924/image/61.bmp 309,334,335,360,1 394,318,420,344,1 320,248,346,274,1 
filelsit/Data0924/image/62.bmp 311,338,337,363,1 322,248,348,273,1 392,320,418,345,1 
filelsit/Data0924/image/63.bmp 152,88,178,114,1 
filelsit/Data0924/image/64.bmp 166,127,189,149,1 8,19,31,42,1 139,9,162,30,1 
filelsit/Data0924/image/65.bmp 145,201,171,229,1 224,183,254,213,1 157,109,186,135,1 
filelsit/Data0924/image/66.bmp 169,63,192,85,1 162,124,183,143,1 139,217,167,245,1 235,189,260,218,1